484
2108 2 1
2566 2 3
1103 1 4
1394 1 5
2998 3 8
2966 1 9
647 2 11
987 2 13
6328 2 15
5654 1 16
4374 2 18
5655 4 22
6752 4 26
7185 1 27
4888 1 28
2463 1 29
6764 2 31
5245 1 32
1561 2 34
1590 1 35
812 2 37
5972 4 41
4601 4 45
3937 2 47
4261 1 48
4224 1 49
7486 2 51
2688 1 52
332 1 53
5766 4 57
2578 3 60
7809 3 63
364 1 64
6302 4 68
5201 3 71
2313 4 75
4686 2 77
4231 1 78
5952 3 81
5155 2 83
2061 3 86
3055 1 87
4756 3 90
4222 1 91
927 4 95
1267 5 100
6409 4 104
2119 2 106
6068 1 107
3634 2 109
6130 1 110
1382 2 112
3043 2 114
7928 2 116
144 1 117
5687 4 121
1219 1 122
2374 3 125
1437 3 128
7385 3 131
4883 5 136
169 1 137
6954 2 139
3845 1 140
837 1 141
5300 5 146
7307 2 148
3469 5 153
7826 2 155
2310 2 157
5858 3 160
6264 2 162
6580 1 163
7135 1 164
7124 1 165
532 3 168
3760 3 171
6325 2 173
1240 2 175
7329 3 178
7472 4 182
4266 2 184
4006 2 186
1401 2 188
436 3 191
7816 3 194
6186 1 195
5443 2 197
3139 1 198
851 4 202
3809 2 204
1010 3 207
3057 1 208
5464 1 209
6648 4 213
2385 3 216
639 1 217
242 2 219
5557 4 223
7680 2 225
8127 2 227
1451 4 231
3831 3 234
6832 2 236
2458 1 237
1396 4 241
4394 1 242
4622 1 243
327 4 247
749 1 248
3008 1 249
2447 1 250
2100 3 253
4568 3 256
7930 1 257
7973 3 260
2848 1 261
6100 1 262
4879 4 266
5380 1 267
6093 1 268
6391 4 272
5928 4 276
3217 1 277
3901 3 280
2251 1 281
3766 2 283
6619 3 286
3916 3 289
8066 1 290
3290 1 291
4368 4 295
6945 2 297
2761 3 300
6120 3 303
34 2 305
5316 4 309
18 1 310
7051 2 312
7107 1 313
7077 3 316
4760 3 319
4305 3 322
7362 4 326
543 1 327
5161 1 328
6211 1 329
6937 1 330
9126 1 331
3332 3 334
5375 3 337
5079 3 340
7769 1 341
5162 3 344
7338 2 346
5357 2 348
7156 2 350
6301 1 351
9059 1 352
1954 1 353
5148 2 355
4309 1 356
5299 1 357
6847 3 360
6388 1 361
5247 2 363
7749 4 367
5535 1 368
7964 1 369
4542 3 372
7064 3 375
7231 1 376
2120 2 378
5146 1 379
3049 3 382
5228 1 383
7947 2 385
6863 2 387
7454 2 389
6108 1 390
4403 2 392
852 3 395
7456 4 399
7066 1 400
7412 1 401
2700 1 402
4466 1 403
1393 4 407
4236 4 411
8092 1 412
5522 5 417
2660 1 418
5209 2 420
4190 5 425
5852 3 428
393 2 430
9334 3 433
1888 1 434
5502 1 435
1993 2 437
6927 1 438
7598 3 441
4852 2 443
5970 1 444
231 1 445
2773 3 448
4229 1 449
3048 4 453
6344 3 456
696 1 457
4161 1 458
3819 1 459
5896 4 463
5993 3 466
2200 1 467
6239 3 470
6941 5 475
3731 2 477
7868 5 482
7876 1 483
6976 3 486
7756 5 491
2745 1 492
5393 4 496
7482 3 499
7280 1 500
7214 3 503
6278 1 504
1939 1 505
6363 3 508
6099 2 510
6427 4 514
3168 2 516
2474 2 518
1023 2 520
5925 3 523
7746 3 526
7652 3 529
7686 3 532
7576 3 535
5763 2 537
9012 1 538
1189 3 541
5428 1 542
7545 1 543
9535 2 545
5307 5 550
3009 1 551
8271 1 552
7619 1 553
4 3 556
6754 3 559
7057 3 562
805 3 565
2974 4 569
5157 2 571
6400 3 574
7676 1 575
4712 1 576
6359 1 577
5949 2 579
6444 3 582
5276 2 584
1520 4 588
406 5 593
1599 2 595
6428 2 597
3400 1 598
7571 4 602
7502 2 604
2989 2 606
7483 2 608
6845 3 611
5732 1 612
432 3 615
4733 3 618
815 2 620
5954 1 621
3642 1 622
354 1 623
3452 2 625
1160 3 628
766 2 630
7657 2 632
6260 3 635
3798 1 636
7144 2 638
6742 3 641
7825 1 642
1693 3 645
175 1 646
7567 3 649
3504 2 651
5748 3 654
7582 3 657
7651 4 661
4759 2 663
926 2 665
7637 1 666
3108 4 670
7911 2 672
2178 3 675
991 1 676
4357 1 677
2197 3 680
8017 3 683
7658 1 684
6063 2 686
777 1 687
4335 1 688
4586 1 689
7215 1 690
2606 3 693
836 2 695
7254 2 697
2344 1 698
7565 1 699
2314 2 701
8970 5 706
4834 3 709
3579 2 711
6034 1 712
7228 4 716
7768 1 717
3583 1 718
8791 3 721
748 4 725
4082 3 728
4904 2 730
5911 4 734
4241 3 737
5927 1 738
4017 4 742
7101 2 744
6069 2 746
1483 2 748
4264 1 749
2502 3 752
5360 1 753
3632 1 754
6694 1 755
6723 1 756
911 2 758
3875 1 759
6221 1 760
1329 2 762
2255 4 766
1700 1 767
2843 4 771
3725 2 773
4130 1 774
1466 3 777
3777 1 778
1802 3 781
3627 2 783
4847 2 785
7216 4 789
2549 1 790
4556 2 792
3873 5 797
5653 4 801
20 2 803
4942 1 804
4745 2 806
7241 1 807
2190 2 809
1178 3 812
3047 2 814
5906 3 817
6129 1 818
6727 1 819
1227 2 821
3902 1 822
2311 2 824
5684 4 828
4807 1 829
8069 1 830
6810 4 834
9936 5 839
3186 2 841
5555 4 845
6533 2 847
1237 1 848
4649 1 849
5174 1 850
5899 3 853
7561 1 854
5981 1 855
2518 1 856
1548 3 859
7235 3 862
4132 1 863
6007 3 866
5438 2 868
7448 1 869
5302 3 872
7599 2 874
9560 2 876
2945 1 877
8044 2 879
6550 2 881
904 1 882
1679 3 885
811 1 886
5615 3 889
2126 2 891
8055 1 892
4356 4 896
2146 2 898
1980 3 901
4022 3 904
3890 2 906
1298 2 908
4665 4 912
4137 5 917
1836 1 918
3050 3 921
190 3 924
635 3 927
4741 1 928
953 4 932
2122 1 933
4072 2 935
5068 4 939
3915 2 941
6672 2 943
5191 1 944
3865 1 945
6307 3 948
1824 2 950
6265 1 951
4754 3 954
4061 4 958
9188 2 960
7518 2 962
995 1 963
8698 3 966
700 1 967
7791 2 969
4534 2 971
6987 2 973
4944 2 975
10105 4 979
2001 4 983
650 3 986
3765 2 988
7018 2 990
9698 3 993
5983 4 997
573 4 1001
5100 1 1002
6958 1 1003
6029 3 1006
3347 2 1008
5065 1 1009
4250 1 1010
6281 1 1011
3 4 1015
7985 1 1016
5129 1 1017
8758 3 1020
4350 3 1023
5888 1 1024
5657 2 1026
10096 4 1030
5951 2 1032
8209 2 1034
7691 3 1037
2089 1 1038
1698 3 1041
1612 2 1043
5303 1 1044
6035 1 1045
6609 1 1046
1402 2 1048
3929 3 1051
5475 3 1054
6390 2 1056
310 2 1058
1560 1 1059
5980 5 1064
3456 1 1065
5062 2 1067
3679 1 1068
107
85 4 3
3286 1 4
4015 1 5
1549 2 7
3683 1 8
3688 2 10
3325 2 12
3402 5 17
4197 5 22
3801 2 24
2324 1 25
2832 3 28
2769 1 29
1388 1 30
4629 2 32
3686 2 34
3464 1 35
4304 4 39
624 5 44
1977 5 49
2269 2 51
3016 5 56
1997 3 59
1800 1 60
516 2 62
79 4 66
5977 3 69
1252 3 72
3002 2 74
5200 3 77
1275 2 79
3671 3 82
2295 1 83
2822 1 84
5431 2 86
2784 1 87
1248 2 89
1822 3 92
4818 2 94
3282 3 97
5843 1 98
5992 1 99
81 3 102
4328 1 103
4265 1 104
2032 2 106
605 2 108
898 3 111
8374 1 112
7179 3 115
7615 3 118
8644 4 122
9128 3 125
9211 1 126
8931 1 127
8544 1 128
1055 1 129
662 3 132
8438 1 133
686 2 135
7880 1 136
9648 3 139
8423 1 140
9196 1 141
8034 2 143
6802 5 148
820 3 151
3785 3 154
9285 2 156
8731 2 158
9873 4 162
9852 3 165
9824 2 167
9184 1 168
8198 1 169
9545 5 174
9391 1 175
339 1 176
5660 1 177
8938 1 178
4529 1 179
9654 2 181
8638 5 186
8255 3 189
9629 3 192
9244 3 195
8465 1 196
2164 2 198
9071 1 199
8490 1 200
9473 4 204
8987 5 209
8980 2 211
9091 3 214
9169 4 218
10195 3 221
5040 2 223
9551 5 228
9413 3 231
3669 3 234
1739 2 236
5919 1 237
9478 1 238
8726 4 242
2029 2 244
9063 2 246
8233 2 248
313
3612 3 2
2131 4 6
3280 1 7
2091 4 11
2083 1 12
4902 2 14
5036 1 15
833 1 16
666 1 17
5211 2 19
4583 4 23
3638 2 25
7351 1 26
3938 1 27
563 1 28
7677 1 29
3123 2 31
6942 3 34
553 3 37
1677 3 40
3130 2 42
1864 2 44
2911 4 48
3252 1 49
5399 3 52
1794 1 53
6289 1 54
6253 2 56
1447 1 57
5556 4 61
3568 1 62
4545 1 63
7863 1 64
1639 5 69
98 2 71
4797 1 72
801 3 75
1006 3 78
4384 2 80
4067 3 83
2643 3 86
5354 3 89
6485 3 92
7644 2 94
51 1 95
6060 3 98
2999 3 101
7046 3 104
3088 1 105
548 1 106
5562 5 111
1684 3 114
56 3 117
6741 1 118
4198 1 119
2117 1 120
369 1 121
2430 2 123
5086 1 124
3495 3 127
7031 2 129
2066 3 132
6972 2 134
3648 3 137
2128 1 138
5388 3 141
7306 2 143
3803 1 144
6715 1 145
7239 3 148
5309 1 149
5348 1 150
5189 2 152
759 3 155
4632 2 157
3397 2 159
5406 3 162
4923 3 165
6691 3 168
7465 1 169
3176 4 173
4464 5 178
4895 3 181
5233 1 182
2952 2 184
5454 3 187
7851 3 190
7471 1 191
6718 2 193
6701 2 195
4662 1 196
6358 3 199
1150 2 201
1593 2 203
4502 1 204
4696 1 205
3321 1 206
6799 1 207
7627 2 209
3767 1 210
5577 1 211
1119 3 214
3957 1 215
5939 1 216
4375 1 217
4090 1 218
4547 1 219
3571 1 220
5447 1 221
2209 4 225
4577 1 226
5959 3 229
4319 5 234
7286 5 239
3697 3 242
4210 1 243
6079 3 246
3135 1 247
5677 3 250
8900 2 252
4489 2 254
5746 1 255
2363 2 257
1733 1 258
5196 2 260
1414 3 263
7360 3 266
1045 1 267
6840 1 268
5460 2 270
1073 5 275
7326 3 278
5005 2 280
9504 2 282
7166 5 287
6318 1 288
2053 1 289
5015 1 290
2988 4 294
4987 3 297
7847 1 298
4310 4 302
4127 1 303
3314 1 304
3946 1 305
536 4 309
4059 2 311
4639 1 312
5159 2 314
3588 3 317
1865 3 320
733 1 321
6935 2 323
3786 1 324
1459 4 328
1212 2 330
4470 5 335
1117 1 336
7780 2 338
4664 3 341
407 1 342
7879 1 343
7293 2 345
1808 3 348
6256 2 350
5166 1 351
1373 5 356
4451 1 357
7244 3 360
4150 4 364
4323 4 368
7632 2 370
7034 3 373
1488 2 375
6027 3 378
7379 1 379
6909 2 381
4527 1 382
6555 2 384
4836 3 387
4495 1 388
6164 2 390
5476 3 393
1709 2 395
3221 4 399
7750 2 401
3337 3 404
6383 2 406
3774 2 408
2757 2 410
1345 4 414
5323 2 416
4253 2 418
1718 1 419
93 1 420
5568 4 424
5371 1 425
631 2 427
5266 4 431
986 1 432
2198 4 436
168 2 438
404 5 443
6953 4 447
5377 2 449
7522 1 450
1296 1 451
3341 3 454
1860 4 458
7907 1 459
5910 2 461
4563 1 462
3448 2 464
194 1 465
4911 1 466
5214 1 467
5288 1 468
7314 2 470
1955 2 472
9825 2 474
6710 5 479
694 3 482
1499 4 486
2683 1 487
2330 2 489
5558 1 490
1768 1 491
3811 1 492
485 1 493
2009 3 496
5188 1 497
5333 5 502
6465 1 503
6419 3 506
9051 1 507
3354 3 510
6846 1 511
8379 1 512
6042 1 513
5084 2 515
9304 3 518
7441 2 520
7126 2 522
6142 2 524
1654 1 525
1789 2 527
284 5 532
3257 1 533
2482 2 535
4477 1 536
1124 3 539
3218 5 544
2218 5 549
1868 3 552
806 3 555
4292 3 558
7470 4 562
6657 2 564
366 2 566
299 3 569
4474 3 572
2316 1 573
6404 1 574
5263 5 579
5998 4 583
3813 1 584
6482 3 587
3759 1 588
1423 3 591
1506 1 592
4819 3 595
4382 5 600
2982 4 604
4050 1 605
2889 2 607
1372 1 608
1664 3 611
4886 3 614
6522 1 615
7325 1 616
2807 3 619
3260 2 621
4694 2 623
7855 1 624
4235 1 625
702 1 626
2426 3 629
2946 4 633
5637 1 634
4519 3 637
5343 1 638
5591 3 641
5752 3 644
6858 1 645
455 1 646
1037 5 651
4497 2 653
2216 3 656
6887 2 658
7028 3 661
5087 3 664
3472 1 665
5259 3 668
4515 3 671
8735 1 672
5212 2 674
2267 3 677
735 2 679
6311 1 680
5809 1 681
1646 3 684
4217 1 685
2366 5 690
503
1757 1 0
500 1 1
1818 4 5
2920 3 8
3355 1 9
277 5 14
4192 1 15
4746 1 16
2195 4 20
3643 1 21
5714 3 24
7059 2 26
2638 2 28
131 3 31
1342 3 34
5680 2 36
6097 2 38
6367 5 43
623 4 47
7192 1 48
3869 1 49
5143 4 53
6861 1 54
143 4 58
245 4 62
6736 3 65
7283 1 66
1854 1 67
313 2 69
3513 1 70
5862 1 71
3872 1 72
3154 2 74
4971 3 77
3170 2 79
2871 4 83
2872 1 84
64 4 88
7103 4 92
7722 3 95
3784 1 96
7752 2 98
3132 5 103
2973 3 106
6045 4 110
4238 5 115
4829 5 120
3886 2 122
2256 2 124
3630 2 126
6955 2 128
5033 2 130
236 1 131
5808 5 136
6133 1 137
4610 2 139
2992 1 140
6053 2 142
7819 3 145
1711 4 149
5610 1 150
1273 2 152
6928 2 154
4869 5 159
442 5 164
8036 3 167
490 2 169
3299 4 173
2860 2 175
4254 2 177
5877 1 178
1889 4 182
6154 4 186
3248 4 190
6323 3 193
5619 1 194
5590 2 196
4300 1 197
4875 2 199
1571 1 200
298 2 202
6483 1 203
4763 1 204
670 1 205
935 4 209
3510 2 211
3656 2 213
3405 1 214
140 3 217
3399 1 218
2332 5 223
1304 1 224
828 4 228
4582 3 231
330 1 232
7242 3 235
1098 3 238
7219 3 241
4025 4 245
7869 3 248
1821 1 249
3371 3 252
5784 3 255
2208 2 257
869 1 258
305 2 260
7524 3 263
1175 4 267
1756 3 270
2180 2 272
2469 2 274
1663 4 278
5749 2 280
3647 1 281
5586 1 282
7121 1 283
6850 4 287
252 3 290
2951 3 293
4881 2 295
5394 2 297
7123 3 300
7941 4 304
4434 2 306
4098 3 309
5648 1 310
5473 2 312
2291 3 315
832 1 316
3713 5 321
5240 1 322
1547 2 324
3443 5 329
4937 2 331
2281 4 335
523 2 337
6144 5 342
9262 3 345
3324 1 346
6967 2 348
4672 4 352
1502 3 355
1048 2 357
2644 3 360
2795 1 361
4424 1 362
7436 5 367
1807 2 369
5281 4 373
7060 2 375
7609 3 378
6494 3 381
2395 1 382
8887 2 384
7453 2 386
1570 2 388
4865 2 390
2692 1 391
6813 4 395
861 1 396
2079 1 397
628 3 400
7258 2 402
2399 5 407
1214 3 410
7040 1 411
6983 2 413
5751 2 415
1708 1 416
4539 1 417
6900 3 420
5592 4 424
6696 3 427
6193 1 428
3992 4 432
5818 1 433
6072 3 436
6591 1 437
7381 1 438
89 2 440
8106 1 441
5603 2 443
3757 1 444
5321 3 447
7193 4 451
924 4 455
6929 2 457
4967 2 459
3467 2 461
1605 2 463
2415 3 466
3237 3 469
9700 1 470
3628 2 472
3410 2 474
4758 1 475
5506 4 479
5876 1 480
1001 3 483
3795 4 487
4535 4 491
3234 3 494
5539 2 496
8060 1 497
1044 1 498
6995 3 501
4456 1 502
6051 1 503
6288 2 505
6763 1 506
3844 1 507
2095 2 509
7543 1 510
7223 4 514
6513 1 515
2742 3 518
5731 1 519
5623 4 523
1095 3 526
8032 4 530
4173 5 535
2655 1 536
3710 2 538
587 2 540
44 3 543
2042 1 544
4048 2 546
6324 1 547
6809 5 552
2285 4 556
6405 1 557
7793 2 559
6663 3 562
1056 1 563
4867 4 567
3793 5 572
6329 1 573
5578 3 576
7367 1 577
412 1 578
3887 3 581
6906 1 582
2772 2 584
2020 2 586
5 3 589
4652 4 593
2735 1 594
6540 2 596
8028 2 598
3446 1 599
1910 1 600
9522 2 602
2690 1 603
5794 1 604
3715 1 605
7136 2 607
4208 3 610
5306 3 613
606 5 618
8095 2 620
3249 3 623
2438 1 624
6214 3 627
6872 4 631
4740 1 632
4094 2 634
3429 2 636
6797 4 640
4722 3 643
654 5 648
1816 3 651
731 3 654
1699 3 657
2674 3 660
3258 1 661
6639 3 664
3300 4 668
3685 1 669
6297 2 671
3985 2 673
2137 2 675
7319 2 677
7800 3 680
3149 5 685
3122 1 686
564 2 688
5639 3 691
5019 4 695
3961 4 699
5061 1 700
6602 2 702
1628 3 705
1308 4 709
7862 2 711
524 2 713
3006 2 715
2112 2 717
1650 3 720
657 1 721
6728 2 723
6304 1 724
3093 3 727
6150 4 731
4088 1 732
7271 2 734
6001 1 735
4574 3 738
6340 2 740
5940 1 741
9679 1 742
7569 4 746
5437 4 750
816 3 753
2073 3 756
3147 1 757
5664 1 758
3229 1 759
4143 2 761
9628 2 763
949 4 767
452 4 771
2568 1 772
7278 3 775
4992 2 777
6430 2 779
1337 1 780
646 1 781
4816 3 784
7834 2 786
5641 3 789
3544 1 790
1803 3 793
4887 4 797
5494 3 800
510 1 801
462 2 803
1316 3 806
8015 2 808
3503 1 809
2879 2 811
2777 1 812
1341 3 815
8089 1 816
3326 2 818
121 2 820
5713 4 824
7908 1 825
1482 1 826
7960 1 827
5810 3 830
5764 3 833
7903 1 834
5339 1 835
1989 3 838
8492 3 841
5761 4 845
3374 2 847
5432 3 850
6871 2 852
3474 1 853
2055 1 854
5916 3 857
4232 4 861
1812 2 863
725 1 864
6477 1 865
930 1 866
2636 3 869
1058 1 870
1893 1 871
761 5 876
2819 3 879
667 1 880
5267 3 883
2883 3 886
3279 1 887
3187 3 890
6127 3 893
4005 1 894
4806 2 896
5694 1 897
1442 1 898
7080 1 899
1947 4 903
8629 1 904
3860 2 906
5544 2 908
3952 2 910
1277 2 912
3379 2 914
5052 2 916
112 1 917
5643 2 919
2106 2 921
9875 3 924
5194 2 926
4747 2 928
5242 1 929
7802 1 930
9544 3 933
7931 4 937
5440 4 941
5518 1 942
1636 2 944
2529 2 946
3868 3 949
1626 3 952
10098 3 955
3853 3 958
5010 4 962
4244 1 963
3520 1 964
5958 1 965
9916 1 966
1066 4 970
466 3 973
4171 1 974
1517 5 979
3276 2 981
8049 1 982
4798 3 985
3508 1 986
2837 1 987
1796 3 990
4327 1 991
33 2 993
9464 3 996
998 1 997
7343 2 999
4680 1 1000
10366 2 1002
1284 1 1003
4353 3 1006
2809 3 1009
7154 3 1012
8112 2 1014
2577 4 1018
4554 3 1021
2657 2 1023
3832 2 1025
10071 2 1027
2232 2 1029
3834 3 1032
5941 1 1033
6352 1 1034
6233 1 1035
9197 2 1037
7914 1 1038
3392 1 1039
5147 2 1041
3595 4 1045
1652 2 1047
4213 2 1049
7792 3 1052
3662 1 1053
640 1 1054
4964 2 1056
1479 5 1061
4959 3 1064
3116 1 1065
2581 1 1066
8297 2 1068
4952 2 1070
1354 2 1072
7948 3 1075
5495 2 1077
1694 1 1078
8105 4 1082
6546 3 1085
5840 2 1087
6910 2 1089
320 1 1090
3023 1 1091
5398 3 1094
10416 4 1098
1012 4 1102
3584 5 1107
3295 3 1110
575 2 1112
9516 1 1113
4850 1 1114
1261 1 1115
9720 1 1116
10076 3 1119
4833 3 1122
6396 2 1124
4693 1 1125
3790 1 1126
4460 2 1128
5956 3 1131
9972 1 1132
6231 1 1133
3470 3 1136
6922 1 1137
5617 2 1139
2135 4 1143
8661 1 1144
7106 2 1146
6401 3 1149
1655 2 1151
3007 1 1152
5819 3 1155
5008 4 1159
122
512 1 0
1852 2 2
3359 3 5
355 1 6
1918 2 8
1108 1 9
4567 1 10
1111 1 11
1398 4 15
1546 1 16
4201 4 20
2962 3 23
5358 2 25
1662 1 26
4237 3 29
1269 2 31
4239 2 33
4862 2 35
474 2 37
5150 1 38
6202 3 41
4081 3 44
4648 3 47
5222 1 48
5009 1 49
4286 2 51
944 4 55
6705 3 58
1631 2 60
985 1 61
3851 1 62
3291 2 64
7045 2 66
6176 2 68
7155 2 70
3125 3 73
249 4 77
5135 1 78
3129 1 79
5861 2 81
1735 2 83
4299 3 86
937 2 88
6263 2 90
187 1 91
4177 1 92
4657 1 93
3010 4 97
8006 1 98
486 3 101
1104 4 105
5584 1 106
3769 1 107
3944 4 111
4420 5 116
4041 1 117
8144 2 119
8737 2 121
8611 1 122
8453 1 123
1814 3 126
6898 2 128
8594 2 130
6970 3 133
6109 1 134
8310 1 135
3193 2 137
9070 2 139
8442 2 141
9558 1 142
6389 3 145
4203 1 146
9595 2 148
2321 4 152
8367 1 153
8977 4 157
8942 1 158
9617 2 160
4076 4 164
5893 3 167
7444 3 170
8728 4 174
8712 1 175
4675 1 176
9067 3 179
9084 2 181
5077 2 183
3611 4 187
8972 4 191
8432 2 193
5470 2 195
9758 1 196
9526 3 199
9365 3 202
8662 2 204
8546 1 205
10037 1 206
9325 3 209
8306 2 211
72 1 212
9909 4 216
8713 1 217
9385 3 220
9821 3 223
4471 3 226
5304 4 230
2141 1 231
9917 5 236
2000 3 239
8457 1 240
8889 1 241
10028 5 246
6197 2 248
9480 3 251
9622 1 252
7857 1 253
9021 2 255
8754 1 256
9797 4 260
8268 1 261
8955 1 262
8236 1 263
137
2506 3 2
3020 1 3
1688 1 4
2088 3 7
1263 1 8
4315 2 10
4118 2 12
3522 3 15
3788 2 17
3917 5 22
3541 1 23
2402 2 25
5151 3 28
665 3 31
283 3 34
103 3 37
714 4 41
4156 2 43
5325 2 45
322 4 49
4044 4 53
4123 2 55
5801 1 56
2743 1 57
1467 3 60
4822 3 63
291 1 64
1987 2 66
5700 1 67
4796 3 70
788 2 72
4589 1 73
570 1 74
321 3 77
3816 3 80
709 1 81
531 3 84
170 4 88
3408 2 90
6992 2 92
6140 3 95
6830 3 98
5627 2 100
6381 2 102
7635 2 104
480 2 106
6402 4 110
4426 1 111
1114 4 115
7211 2 117
6065 1 118
3666 2 120
7361 1 121
7521 1 122
1855 4 126
6292 3 129
8142 2 131
8617 3 134
5413 1 135
8550 1 136
3717 4 140
5094 3 143
8880 1 144
5853 4 148
8832 1 149
7341 1 150
9097 2 152
253 1 153
9316 2 155
6013 2 157
1306 1 158
9215 1 159
5962 3 162
8587 3 165
9486 2 167
1656 2 169
1749 1 170
3253 3 173
8510 2 175
8140 1 176
5175 1 177
385 2 179
3259 4 183
2983 1 184
6412 3 187
4993 2 189
8330 1 190
9424 2 192
4734 3 195
999 1 196
7026 5 201
9172 5 206
9695 1 207
3598 2 209
8914 1 210
478 1 211
8359 1 212
6410 1 213
2510 5 218
9987 2 220
9524 1 221
3846 1 222
9800 3 225
10125 2 227
9878 2 229
8917 3 232
9387 1 233
2030 1 234
10138 4 238
10161 1 239
8583 1 240
9784 2 242
9017 3 245
7764 1 246
10034 1 247
8816 3 250
1471 1 251
8143 1 252
8997 5 257
8809 4 261
658 2 263
10073 1 264
8921 1 265
3173 2 267
3073 1 268
5508 4 272
10471 3 275
4145 3 278
8200 1 279
9519 4 283
241 2 285
8303 2 287
10431 1 288
10248 4 292
8512 1 293
8702 1 294
7661 2 296
303
4337 3 2
4274 2 4
1271 1 5
884 2 7
2206 4 11
5997 1 12
4528 1 13
3012 1 14
5110 1 15
5971 3 18
1723 3 21
3350 1 22
2214 2 24
1968 1 25
3925 4 29
7375 4 33
968 2 35
8081 4 39
4536 2 41
5788 2 43
4302 2 45
1729 1 46
2818 1 47
5531 2 49
1526 2 51
7870 4 55
3608 1 56
963 3 59
7901 3 62
1844 2 64
6266 1 65
6779 2 67
5046 1 68
3297 1 69
946 2 71
2600 2 73
2326 1 74
7577 5 79
1339 2 81
641 4 85
6868 5 90
12 1 91
2785 4 95
1193 2 97
50 2 99
6215 4 103
5758 1 104
5092 2 106
5022 1 107
1785 1 108
4458 1 109
1315 1 110
4526 1 111
6376 2 113
6030 2 115
4233 2 117
4146 1 118
6719 2 120
2651 1 121
4465 1 122
2637 2 124
4476 2 126
6520 3 129
6670 3 132
6629 1 133
7681 1 134
1453 2 136
5449 1 137
7590 3 140
1958 1 141
2419 2 143
4690 4 147
2733 1 148
1948 2 150
8326 2 152
1744 3 155
5873 5 160
7321 1 161
1181 2 163
1361 2 165
520 2 167
1389 2 169
290 2 171
8788 1 172
3231 2 174
1470 1 175
5332 1 176
3945 2 178
6656 2 180
4028 3 183
6573 3 186
3980 2 188
7913 4 192
4939 1 193
1255 3 196
6659 2 198
1801 3 201
1071 5 206
3240 1 207
5271 3 210
2954 1 211
2666 3 214
8376 1 215
7203 1 216
2364 2 218
3959 3 221
2755 4 225
495 3 228
947 1 229
620 1 230
5596 2 232
2786 2 234
5054 4 238
7808 3 241
4755 1 242
5434 5 247
503 2 249
1286 3 252
2098 3 255
4931 1 256
5622 2 258
1424 1 259
5567 1 260
5122 1 261
7164 1 262
6566 3 265
7687 1 266
3491 1 267
6641 3 270
5640 2 272
549 3 275
6576 1 276
5934 1 277
3942 2 279
6590 1 280
301 1 281
5373 1 282
345 1 283
8163 1 284
6137 1 285
5308 1 286
6649 3 289
7650 3 292
3263 2 294
2839 1 295
9613 1 296
6504 3 299
444 1 300
7803 1 301
5520 3 304
5319 1 305
956 1 306
626 1 307
3699 2 309
7731 2 311
1059 3 314
4340 3 317
1862 2 319
996 4 323
3863 1 324
706 3 327
8536 1 328
2794 2 330
7090 1 331
6944 4 335
3338 2 337
8038 4 341
196 2 343
7932 2 345
2704 4 349
3457 1 350
1978 2 352
1090 1 353
2922 2 355
7951 1 356
4906 4 360
5224 4 364
6217 2 366
6804 3 369
319 4 373
7266 1 374
2252 1 375
3810 2 377
5295 1 378
1504 2 380
5103 2 382
9950 1 383
7534 3 386
2182 2 388
5856 1 389
1819 3 392
1443 2 394
9879 1 395
2085 2 397
6210 5 402
6884 4 406
2934 3 409
3817 3 412
6317 3 415
5141 3 418
4775 1 419
2292 1 420
7011 4 424
7547 2 426
3935 1 427
6167 3 430
1370 2 432
4441 1 433
6625 4 437
4084 1 438
2264 1 439
3083 1 440
1514 3 443
6971 4 447
4505 1 448
4296 3 451
1641 1 452
5272 2 454
5838 1 455
1183 1 456
4354 4 460
873 1 461
2712 3 464
7373 2 466
3074 1 467
2240 2 469
6568 1 470
5301 2 472
7003 2 474
1317 1 475
7866 5 480
3070 1 481
5814 2 483
5855 1 484
3119 4 488
7334 2 490
6175 2 492
5736 1 493
8018 2 495
7240 2 497
6963 1 498
1885 1 499
465 4 503
1515 2 505
2345 2 507
1004 2 509
7406 1 510
3481 3 513
7227 1 514
7365 2 516
5735 3 519
10192 4 523
1383 2 525
61 1 526
6623 3 529
1115 3 532
6088 5 537
6940 1 538
6218 3 541
6049 2 543
4388 2 545
682 4 549
6537 2 551
2174 4 555
1831 1 556
7824 3 559
7762 3 562
6514 1 563
841 3 566
3212 2 568
256 3 571
66 4 575
9874 1 576
5294 3 579
6216 1 580
115 4 584
5798 2 586
2115 1 587
3201 1 588
603 3 591
1610 4 595
3141 3 598
2308 2 600
7509 1 601
8031 1 602
7837 1 603
1998 1 604
7348 4 608
5704 2 610
2092 3 613
2842 1 614
274 4 618
496 3 621
7878 4 625
4919 1 626
6158 5 631
7489 2 633
6397 3 636
3749 3 639
49 3 642
7116 1 643
2304 2 645
7345 3 648
387
312 5 4
479 1 5
981 3 8
3930 2 10
1509 1 11
751 2 13
952 1 14
2067 2 16
3482 1 17
3826 1 18
6569 2 20
6048 1 21
263 3 24
6933 5 29
6543 4 33
3305 3 36
5757 1 37
4216 4 41
4115 5 46
2096 4 50
4147 3 53
5452 3 56
3951 1 57
4684 4 61
5979 2 63
528 4 67
7496 1 68
967 4 72
2512 1 73
6212 3 76
6201 1 77
6903 3 80
2193 2 82
2851 3 85
8168 3 88
990 2 90
778 3 93
3843 1 94
2654 3 97
2273 3 100
2480 3 103
151 1 104
7551 2 106
1340 2 108
2986 3 111
1182 2 113
381 1 114
2493 3 117
2622 3 120
770 1 121
6350 1 122
3857 3 125
3977 1 126
6371 2 128
5029 3 131
8597 2 133
4454 1 134
1746 2 136
3577 3 139
16 4 143
1896 3 146
6535 1 147
2276 1 148
2347 4 152
461 2 154
1776 2 156
1428 5 161
5287 3 164
255 1 165
3714 2 167
1606 2 169
54 4 173
7095 1 174
6194 5 179
35 2 181
5947 3 184
177 4 188
4207 2 190
359 2 192
8937 1 193
240 1 194
3535 2 196
4838 2 198
1772 4 202
2519 2 204
3096 1 205
2294 1 206
80 4 210
5421 4 214
519 1 215
6697 1 216
697 1 217
721 2 219
6808 1 220
4004 1 221
2508 3 224
4100 2 226
3537 1 227
6644 3 230
627 4 234
4737 1 235
9102 2 237
1524 1 238
5305 1 239
3589 4 243
476 2 245
8952 2 247
8362 2 249
1495 1 250
637 2 252
5045 4 256
2238 1 257
6974 1 258
475 3 261
3974 3 264
2575 2 266
994 4 270
2013 3 273
1121 1 274
557 1 275
5850 5 280
288 1 281
2893 2 283
763 3 286
4008 1 287
5492 3 290
8107 1 291
2867 3 294
5257 1 295
4841 2 297
1917 2 299
7831 1 300
5296 3 303
417 4 307
1765 3 310
8323 2 312
1174 1 313
1637 2 315
1601 4 319
8789 1 320
2270 4 324
203 3 327
7608 3 330
4558 1 331
5589 2 333
1627 3 336
45 3 339
3575 2 341
797 1 342
5082 2 344
4435 4 348
4475 3 351
6474 1 352
6044 2 354
7787 2 356
8473 4 360
643 3 363
7250 1 364
521 3 367
5604 2 369
2394 1 370
6471 3 373
2718 3 376
7648 2 378
3835 4 382
1230 4 386
5058 1 387
7024 3 390
2736 1 391
282 5 396
2631 1 397
9404 5 402
973 2 404
1022 1 405
1566 3 408
5160 3 411
3369 4 415
2290 1 416
2026 2 418
5034 1 419
482 1 420
3690 5 425
1930 1 426
1994 3 429
6662 1 430
614 2 432
1770 2 434
3570 2 436
87 3 439
4122 1 440
6091 2 442
3089 2 444
233 3 447
5363 1 448
2064 1 449
9288 4 453
1527 4 457
1908 2 459
1268 4 463
3283 2 465
1963 3 468
8461 3 471
1550 3 474
699 1 475
3118 4 479
8094 3 482
205 5 487
6204 3 490
316 3 493
414 3 496
1000 1 497
4021 5 502
5165 4 506
5673 1 507
2841 4 511
8161 1 512
6502 2 514
6106 5 519
1839 1 520
8040 5 525
827 3 528
3498 1 529
6652 2 531
6607 3 534
1952 5 539
1192 1 540
1405 2 542
1409 3 545
2686 3 548
7309 2 550
730 1 551
5186 2 553
1532 2 555
2601 1 556
4982 3 559
9034 1 560
8256 4 564
4501 1 565
3131 3 568
8349 2 570
8953 5 575
783 1 576
711 2 578
4018 1 579
2139 2 581
4617 2 583
4000 3 586
7049 1 587
4864 3 590
7274 1 591
195 1 592
8260 2 594
491 4 598
6180 2 600
3285 2 602
3414 1 603
3830 3 606
1054 1 607
4035 2 609
3059 2 611
6683 1 612
3463 3 615
2925 3 618
7614 3 621
1141 1 622
7301 3 625
1435 1 626
10224 1 627
2844 5 632
4338 5 637
3956 3 640
46 2 642
7902 4 646
7001 3 649
2557 4 653
972 1 654
2554 1 655
3548 2 657
1485 1 658
215 5 663
8013 1 664
5152 2 666
712 2 668
4593 4 672
1331 1 673
1758 1 674
3480 2 676
800 1 677
6614 2 679
6454 2 681
2004 1 682
8316 1 683
6891 5 688
3730 1 689
7259 3 692
896 3 695
3694 2 697
4007 4 701
5218 1 702
8745 2 704
10370 3 707
4842 4 711
1538 4 715
7422 3 718
4711 1 719
200 2 721
899 4 725
2050 2 727
2953 2 729
7839 2 731
10405 5 736
5824 4 740
961 2 742
2930 1 743
668 2 745
6055 1 746
2338 3 749
6888 3 752
3107 4 756
2432 1 757
2693 2 759
5907 3 762
8051 3 765
970 5 770
386 4 774
185 1 775
7759 2 777
8488 2 779
1964 1 780
864 5 785
7623 3 788
3855 2 790
3837 2 792
6308 5 797
2059 1 798
7751 4 802
3431 3 805
1683 1 806
3658 1 807
1642 1 808
2049 3 811
4288 3 814
7813 5 819
2787 1 820
2900 1 821
8074 3 824
7202 1 825
9574 3 828
7860 2 830
1941 1 831
3829 5 836
9555 3 839
6917 5 844
8840 1 845
7426 1 846
880 2 848
2448 2 850
1186 2 852
5945 1 853
5996 3 856
10473 1 857
3675 1 858
130 2 860
3538 1 861
3372 1 862
306 2 864
4678 5 869
5231 2 871
2220 2 873
10379 3 876
1909 3 879
2 3 882
7894 1 883
5948 1 884
1820 4 888
5833 1 889
2697 1 890
2323 1 891
3351 2 893
6178 3 896
2804 1 897
7974 4 901
3870 2 903
4415 2 905
3827 1 906
5865 2 908
3501 3 911
133
736 1 0
1081 2 2
983 1 3
3328 2 5
842 1 6
3754 2 8
958 2 10
533 1 11
3413 1 12
1618 2 14
2926 1 15
610 2 17
323 1 18
2361 3 21
2398 5 26
1995 3 29
3349 1 30
2544 3 33
1528 1 34
408 1 35
2123 4 39
3557 4 43
5813 1 44
6448 1 45
2043 3 48
2505 3 51
3838 2 53
5368 3 56
5397 3 59
4845 2 61
3264 2 63
3357 5 68
6603 1 69
2965 1 70
6599 3 73
4272 4 77
7322 3 80
2306 4 84
1781 4 88
1707 1 89
5806 3 92
6751 1 93
2130 1 94
5411 1 95
2051 3 98
7014 2 100
250 1 101
7786 4 105
25 1 106
7127 5 111
228 3 114
876 2 116
6431 1 117
2583 3 120
680 1 121
7264 1 122
8266 1 123
3418 1 124
3038 4 128
7073 3 131
538 1 132
6298 4 136
7841 1 137
3393 3 140
9073 1 141
8526 3 144
4676 1 145
9181 2 147
5414 3 150
9298 1 151
8905 3 154
8399 1 155
3017 3 158
8497 4 162
8004 3 165
8329 2 167
8365 2 169
4431 1 170
690 3 173
3897 5 178
8762 1 179
9421 1 180
4752 3 183
9305 1 184
9203 1 185
5724 1 186
8935 1 187
8653 1 188
5707 3 191
2210 1 192
9326 1 193
5048 1 194
5722 2 196
1164 1 197
9932 5 202
6380 2 204
611 4 208
10013 2 210
9549 2 212
3878 1 213
4643 5 218
5466 4 222
4199 1 223
10004 2 225
1222 4 229
1743 3 232
9268 2 234
8633 2 236
2337 1 237
2917 2 239
5119 2 241
6529 2 243
7717 2 245
8295 1 246
275 1 247
8733 4 251
10109 3 254
6125 2 256
6252 1 257
8296 1 258
10360 3 261
10038 4 265
7303 3 268
2752 2 270
10225 1 271
9090 3 274
971 2 276
10113 2 278
8916 3 281
3388 1 282
722 1 283
6116 2 285
7905 2 287
420
2461 4 3
2741 1 4
47 2 6
3654 1 7
2499 1 8
689 2 10
1619 2 12
1426 1 13
2760 5 18
2302 3 21
2591 5 26
7260 1 27
7544 1 28
3113 4 32
7669 4 36
5251 2 38
4801 1 39
8138 1 40
1507 3 43
202 1 44
3381 1 45
2246 1 46
4158 3 49
5909 3 52
6321 3 55
1492 3 58
5063 3 61
1041 2 63
656 2 65
2764 2 67
4899 4 71
3982 1 72
443 3 75
1282 2 77
1603 4 81
5390 1 82
3993 4 86
211 2 88
343 1 89
7742 2 91
3823 4 95
8020 1 96
7390 2 98
1795 2 100
7836 4 104
1265 2 106
6285 4 110
4202 1 111
2890 1 112
3726 4 116
7291 2 118
3236 1 119
1112 1 120
3403 1 121
3900 5 126
2056 3 129
3736 1 130
6271 3 133
7639 3 136
1921 2 138
3620 2 140
6399 1 141
6594 1 142
3028 2 144
6369 3 147
3068 4 151
2968 1 152
3586 3 155
738 3 158
4003 5 163
3451 1 164
3317 5 169
1572 5 174
5642 4 178
3406 2 180
8002 3 183
2626 1 184
2933 4 188
4892 1 189
4009 4 193
1101 1 194
685 3 197
4487 2 199
4705 3 202
7218 2 204
942 1 205
8223 2 207
2853 1 208
267 2 210
392 1 211
6811 1 212
1946 3 215
8820 1 216
4252 1 217
616 3 220
2817 1 221
780 3 224
1938 5 229
3967 3 232
1106 2 234
2610 3 237
5481 1 238
744 3 241
3936 1 242
1604 3 245
3591 2 247
925 2 249
1491 3 252
13 1 253
633 3 256
7320 3 259
2892 1 260
7233 1 261
94 1 262
3509 3 265
4148 3 268
217 1 269
5601 1 270
3092 1 271
6658 3 274
2249 2 276
8027 4 280
3003 1 281
3617 1 282
928 4 286
348 1 287
2420 4 291
1897 3 294
114 1 295
3433 3 298
3519 1 299
1363 3 302
3238 2 304
6833 2 306
3275 5 311
6039 5 316
2457 2 318
7243 1 319
1434 2 321
289 1 322
6605 1 323
1019 3 326
6172 1 327
2547 1 328
1586 5 333
7990 1 334
2076 3 337
1350 2 339
2498 3 342
2228 2 344
5804 4 348
1200 4 352
1805 2 354
525 3 357
2685 5 362
1552 5 367
2726 3 370
4555 3 373
2608 2 375
9645 1 376
7167 3 379
7006 1 380
2629 2 382
9571 1 383
2534 1 384
4349 4 388
8052 1 389
148 3 392
2074 3 395
1333 3 398
5625 1 399
2003 2 401
993 1 402
5574 1 403
4848 1 404
2852 3 407
7999 3 410
5401 3 413
5611 2 415
2528 1 416
6196 3 419
4689 2 421
3964 4 425
9499 1 426
6135 1 427
2213 2 429
4366 3 432
1105 3 435
1847 1 436
2205 1 437
7245 2 439
4486 3 442
7840 5 447
1982 4 451
764 3 454
2715 2 456
2175 4 460
5783 1 461
1301 3 464
8949 1 465
6563 4 469
3719 1 470
6552 1 471
317 2 473
7382 5 478
1635 2 480
5532 4 484
5441 3 487
2334 1 488
9149 3 491
125 4 495
2555 4 499
3729 1 500
892 4 504
1689 2 506
8759 1 507
7574 2 509
860 1 510
2389 1 511
154 1 512
6495 2 514
1696 1 515
1913 3 518
888 2 520
1767 3 523
4450 3 526
5137 1 527
959 1 528
1378 1 529
8794 1 530
2102 2 532
4324 1 533
2667 2 535
7537 5 540
7835 1 541
3593 5 546
8671 2 548
426 3 551
2515 4 555
9295 1 556
8749 4 560
2277 3 563
1235 4 567
334 4 571
9842 3 574
4922 1 575
2151 1 576
4001 4 580
2687 3 583
5093 2 585
6768 1 586
3565 2 588
8659 1 589
4977 2 591
2125 3 594
7992 3 597
6434 4 601
4956 3 604
934 2 606
717 1 607
4342 2 609
383 1 610
6237 3 613
3281 1 614
3623 5 619
7771 2 621
7660 2 623
8124 1 624
1975 1 625
2888 4 629
3756 3 632
1851 1 633
3377 2 635
2436 2 637
3590 1 638
2157 4 642
1944 3 645
3387 2 647
7581 1 648
3698 5 653
675 5 658
2874 2 660
862 2 662
7588 2 664
5829 4 668
3558 3 671
4400 1 672
7158 2 674
3986 3 677
4038 1 678
7087 5 683
335 2 685
7180 2 687
8104 1 688
403 2 690
1555 2 692
4325 2 694
2233 1 695
906 2 697
1761 5 702
3267 1 703
6373 2 705
793 2 707
5133 3 710
2958 4 714
7918 1 715
3455 3 718
6608 2 720
5921 2 722
3975 3 725
1595 4 729
7552 1 730
6724 1 731
6684 2 733
2854 1 734
4057 4 738
5516 1 739
7945 1 740
10238 5 745
5080 1 746
1981 1 747
10167 2 749
5215 3 752
2604 2 754
3303 2 756
3988 3 759
1040 2 761
4042 2 763
178 4 767
3740 2 769
423 4 773
3225 5 778
6772 3 781
2709 2 783
6408 1 784
4200 4 788
1478 4 792
7020 2 794
7704 1 795
6486 1 796
449 2 798
6224 3 801
7047 1 802
38 2 804
2289 3 807
370 1 808
7023 3 811
5202 2 813
3626 3 816
677 2 818
3723 2 820
2514 1 821
2895 2 823
2661 2 825
4442 5 830
773 1 831
5554 1 832
3859 3 835
2124 2 837
3462 1 838
9470 2 840
2445 3 843
1961 3 846
4346 3 849
6516 3 852
5469 1 853
5880 5 858
980 1 859
7397 1 860
2165 1 861
4165 2 863
1213 4 867
3645 3 870
5134 1 871
5874 1 872
5630 1 873
2380 1 874
6152 1 875
5385 1 876
6877 2 878
3001 3 881
4638 4 885
8601 1 886
9952 1 887
1508 2 889
6378 3 892
3511 1 893
6661 1 894
2679 1 895
234 4 899
2623 3 902
3315 3 905
3468 2 907
3824 1 908
235 1 909
7285 4 913
2537 1 914
1970 2 916
1085 4 920
336 1 921
4783 2 923
4322 2 925
1475 1 926
9607 2 928
6966 4 932
1873 1 933
4157 1 934
463 3 937
3226 4 941
6913 2 943
3121 4 947
2341 3 950
1533 1 951
7754 4 955
1381 1 956
7317 1 957
3334 1 958
4448 2 960
1116 1 961
7850 5 966
138
132 2 1
1246 2 3
723 1 4
3896 3 7
612 2 9
1439 5 14
4191 1 15
3356 3 18
2222 3 21
4720 1 22
2618 2 24
4844 1 25
3499 3 28
2684 1 29
1457 2 31
2729 2 33
2558 1 34
1759 3 37
2507 4 41
4223 2 43
514 1 44
5966 2 46
5740 2 48
5311 3 51
1369 4 55
3751 2 57
2176 1 58
3668 1 59
6160 2 61
5517 3 64
2522 2 66
1929 1 67
4813 2 69
6948 2 71
4496 1 72
594 3 75
3214 2 77
6943 3 80
5837 2 82
6294 1 83
6112 1 84
2530 1 85
59 1 86
4757 1 87
450 3 90
7208 3 93
7473 2 95
1281 2 97
5791 3 100
422 2 102
221 2 104
1706 2 106
4419 2 108
2111 2 110
6856 2 112
7734 3 115
4671 1 116
5926 2 118
2317 2 120
3606 1 121
4479 1 122
7000 3 125
8390 2 127
5566 3 130
4215 3 133
8558 1 134
8499 3 137
6985 3 140
2517 1 141
8595 1 142
8414 1 143
5553 3 146
2611 4 150
9218 2 152
3592 1 153
8123 1 154
8514 1 155
6558 1 156
6897 2 158
1336 1 159
4557 1 160
472 3 163
7674 1 164
7411 3 167
8774 2 169
2956 1 170
8569 3 173
5882 5 178
9242 3 181
6964 1 182
2947 4 186
9882 2 188
3624 1 189
8764 1 190
2367 4 194
8852 4 198
787 4 202
3094 3 205
8906 3 208
2703 3 211
7452 3 214
7589 1 215
8409 2 217
9440 5 222
4068 4 226
3383 1 227
9170 2 229
10127 4 233
9973 1 234
9011 1 235
8203 1 236
400 2 238
8157 1 239
8784 2 241
8779 1 242
88 2 244
9993 3 247
9023 3 250
10227 4 254
10031 2 256
9457 3 259
10285 1 260
9683 1 261
10172 1 262
8403 2 264
8879 4 268
1473 1 269
9949 2 271
9343 1 272
10104 3 275
6904 3 278
4092 2 280
8234 1 281
9367 1 282
10327 2 284
8717 2 286
8898 4 290
9563 1 291
344
1754 2 1
3965 4 5
1432 1 6
2170 1 7
2987 1 8
4259 4 12
1763 1 13
737 2 15
338 2 17
5298 3 20
1886 1 21
1943 1 22
1945 1 23
1258 4 27
2010 3 30
7 1 31
3185 2 33
6777 5 38
210 2 40
3764 1 41
774 1 42
7284 1 43
287 3 46
7883 1 47
3021 2 49
8117 4 53
6873 3 56
1387 3 59
5519 1 60
6086 2 62
4843 1 63
5787 2 65
1138 1 66
2579 4 70
1875 1 71
2635 2 73
2047 3 76
5064 1 77
4591 4 81
36 2 83
7838 2 85
652 3 88
4784 1 89
7366 1 90
6342 2 92
962 4 96
5545 1 97
6417 2 99
5670 1 100
6956 1 101
3849 1 102
8050 2 104
5561 1 105
7531 2 107
6105 1 108
5038 2 110
7447 4 114
4595 1 115
5572 1 116
2526 3 119
4585 3 122
5513 2 124
6136 1 125
4581 1 126
5957 3 129
3569 1 130
3348 1 131
791 1 132
7981 4 136
6849 2 138
6785 4 142
2202 1 143
6336 3 146
3241 3 149
2401 3 152
6994 2 154
2641 4 158
6295 1 159
2132 5 164
4499 1 165
920 3 168
6394 1 169
1567 2 171
5471 1 172
5672 2 174
6875 3 177
4679 1 178
1289 2 180
7083 2 182
6839 3 185
7346 3 188
3706 2 190
7084 4 194
7767 2 196
4183 1 197
6393 2 199
3640 1 200
7643 2 202
866 1 203
5239 1 204
8386 1 205
4743 1 206
4170 5 211
3220 1 212
2598 1 213
5336 3 216
1979 4 220
2814 1 221
1016 1 222
3994 1 223
7921 1 224
68 3 227
7117 4 231
1809 3 234
2327 4 238
5851 1 239
95 5 244
858 2 246
6574 3 249
3034 1 250
4670 1 251
2691 1 252
1878 1 253
6021 3 256
2342 5 261
7859 4 265
5144 1 266
2492 1 267
6205 1 268
4713 2 270
1518 1 271
5070 2 273
2470 2 275
8265 1 276
21 5 281
7684 5 286
4666 1 287
7442 3 290
8025 3 293
4633 1 294
8396 1 295
5003 1 296
6687 2 298
6615 5 303
2011 2 305
409 1 306
5335 2 308
3910 2 310
3475 2 312
6889 1 313
4853 2 315
1223 1 316
3581 5 321
6305 4 325
1322 1 326
1243 5 331
3079 2 333
4598 1 334
5006 2 336
391 1 337
4855 2 339
5066 5 344
4513 1 345
3235 1 346
2847 2 348
941 1 349
3380 3 352
3672 1 353
940 2 355
1884 3 358
7827 2 360
5631 2 362
5021 5 367
3720 3 370
3105 1 371
1430 2 373
6604 3 376
73 3 379
2329 2 381
1866 3 384
5892 1 385
1472 2 387
883 2 389
5059 2 391
3906 1 392
7709 1 393
6198 1 394
3687 1 395
4772 2 397
9624 3 400
3420 1 401
1617 1 402
86 2 404
441 1 405
7678 4 409
5723 2 411
3889 1 412
9819 3 415
1871 1 416
7477 1 417
2021 2 419
6360 2 421
1856 4 425
2244 3 428
1157 5 433
7457 4 437
1307 3 440
1564 3 443
6775 1 444
445 4 448
1755 4 452
7703 2 454
903 1 455
4062 1 456
7165 2 458
3536 3 461
4882 3 464
7828 2 466
9428 2 468
2362 1 469
3507 2 471
5650 3 474
6056 5 479
2960 1 480
3145 4 484
2046 1 485
5716 4 489
6168 1 490
5322 1 491
420 2 493
3378 1 494
3554 1 495
6064 1 496
7035 2 498
5859 1 499
6492 5 504
772 1 505
1171 1 506
7062 1 507
4660 2 509
6332 1 510
1525 4 514
7564 4 518
9639 2 520
4651 3 523
6925 3 526
7402 5 531
9150 3 534
988 2 536
7631 3 539
6084 3 542
6365 1 543
2561 4 547
1021 3 550
7512 2 552
3327 2 554
2615 2 556
1608 3 559
5768 1 560
180 4 564
2899 2 566
4194 1 567
688 2 569
8119 1 570
785 4 574
7300 1 575
7019 3 578
6949 3 581
6660 5 586
456 2 588
817 3 591
3549 4 595
7735 1 596
2756 5 601
2159 4 605
75 1 606
5676 2 608
1270 2 610
4459 4 614
2261 4 618
3722 1 619
3095 2 621
7963 1 622
4730 1 623
2805 1 624
156 3 627
4172 1 628
6695 3 631
1427 1 632
5718 2 634
756 1 635
2834 1 636
8372 1 637
4355 1 638
2948 1 639
6926 1 640
9259 1 641
6812 4 645
1096 1 646
7197 1 647
219 1 648
3192 3 651
7205 3 654
2057 1 655
4708 2 657
6717 2 659
7595 4 663
734 1 664
540 4 668
2454 1 669
4234 1 670
651 2 672
1086 2 674
4640 1 675
3082 2 677
5743 2 679
382 1 680
10398 3 683
10341 3 686
2682 5 691
2320 1 692
4071 3 695
3966 1 696
4861 3 699
5706 3 702
2979 5 707
1036 2 709
2599 3 712
3239 1 713
2403 4 717
2485 1 718
578 2 720
7605 1 721
3898 1 722
6527 1 723
4436 2 725
4065 1 726
5514 1 727
571 3 730
166 1 731
9064 1 732
5392 1 733
10621 2 735
7617 2 737
138
48 2 1
580 2 3
28 1 4
1380 3 7
939 1 8
3701 2 10
2639 1 11
3983 1 12
1025 1 13
1600 4 17
1613 3 20
60 4 24
2194 4 28
679 2 30
3032 2 32
3527 2 34
4452 3 37
1969 2 39
894 2 41
2646 2 43
2971 3 46
2719 4 50
1441 1 51
2487 2 53
2737 1 54
3880 4 58
3261 2 60
4802 2 62
1792 3 65
5955 1 66
5258 4 70
5681 2 72
1053 3 75
2035 1 76
4312 2 78
1725 3 81
2433 2 83
5001 4 87
4180 3 90
1445 1 91
2663 2 93
5769 1 94
3288 4 98
2167 1 99
6932 2 101
6012 3 104
2248 1 105
6287 1 106
6379 2 108
2382 4 112
119 4 116
3856 1 117
147 1 118
5600 2 120
1266 3 123
5120 3 126
4500 3 129
4625 4 133
6423 1 134
5285 1 135
3052 3 138
596 3 141
8169 1 142
5614 1 143
6853 3 146
2387 3 149
2253 2 151
7852 3 154
8281 1 155
6351 3 158
6469 1 159
5020 3 162
7881 3 165
6225 3 168
7396 3 171
3159 5 176
1418 1 177
6957 3 180
8836 1 181
2138 4 185
6364 3 188
7353 3 191
1879 1 192
9275 1 193
2416 3 196
8895 5 201
6 3 204
3797 3 207
6674 4 211
9587 2 213
1067 3 216
3763 4 220
9368 2 222
7405 4 226
2740 1 227
8242 3 230
9448 3 233
3704 1 234
9764 2 236
8927 1 237
6382 4 241
9820 1 242
9939 2 244
9220 1 245
9741 3 248
6132 3 251
8687 1 252
9569 1 253
2422 3 256
390 3 259
10143 2 261
8468 1 262
9430 3 265
10293 4 269
3102 1 270
9483 3 273
10053 4 277
5969 5 282
1278 4 286
741 2 288
10331 3 291
3177 2 293
4709 1 294
9718 3 297
10447 3 300
10099 4 304
7711 4 308
9870 2 310
9293 3 313
8177 2 315
6356 2 317
3807 3 320
5869 2 322
10110 2 324
5890 2 326
8899 1 327
9710 1 328
859 1 329
141
469 1 0
3203 3 3
2985 5 8
3416 3 11
1161 1 12
850 2 14
1905 3 17
704 1 18
3293 3 21
1587 2 23
3352 2 25
122 4 29
3386 1 30
2754 1 31
1535 2 33
5180 1 34
4979 1 35
881 3 38
1274 4 42
4209 1 43
3441 4 47
4826 5 52
2782 3 55
743 3 58
37 3 61
4995 1 62
2521 2 64
1232 1 65
4404 1 66
1783 4 70
3412 2 72
3773 3 75
529 2 77
2942 1 78
4998 5 83
5128 1 84
4478 1 85
1657 2 87
3505 2 89
258 3 92
6362 4 96
901 3 99
2959 2 101
5609 1 102
3483 3 105
509 2 107
6559 1 108
2215 2 110
1898 4 114
887 5 119
3270 3 122
7501 2 124
2381 2 126
5857 4 130
5370 4 134
1352 3 137
5118 1 138
2016 4 142
7072 2 144
4293 1 145
1406 2 147
8202 1 148
268 1 149
4095 4 153
8628 1 154
5842 3 157
1799 1 158
8775 3 161
8778 1 162
9161 2 164
2932 5 169
8564 3 172
7682 2 174
3903 2 176
9392 2 178
9361 2 180
1410 2 182
1198 2 184
9163 1 185
8877 3 188
9076 1 189
9157 2 191
4247 5 196
2254 4 200
8540 1 201
8837 1 202
8630 1 203
8174 1 204
568 1 205
8723 3 208
5548 1 209
2511 2 211
9390 1 212
7952 3 215
9332 1 216
9082 1 217
8335 2 219
9005 4 223
9787 3 226
9552 3 229
8767 1 230
8532 1 231
3735 2 233
10212 2 235
9506 1 236
6357 2 238
5613 4 242
4985 4 246
9382 3 249
3615 2 251
8995 3 254
5176 1 255
9013 2 257
9354 1 258
2627 2 260
8343 1 261
3358 3 264
8273 3 267
9620 1 268
9778 3 271
9906 1 272
4597 1 273
1416 4 277
9147 3 280
9951 2 282
8876 1 283
9086 3 286
10262 5 291
8912 1 292
6792 2 294
9776 2 296
2865 1 297
9484 1 298
8865 2 300
4900 3 303
10062 2 305
8149 1 306
10257 1 307
8450 2 309
10211 3 312
10160 1 313
125
133 2 1
3525 3 4
776 4 8
3572 1 9
337 1 10
3958 1 11
792 2 13
3137 2 15
3493 3 18
244 3 21
3828 1 22
966 2 24
2780 2 26
402 1 27
3136 2 29
1892 3 32
1226 2 34
1074 3 37
2907 1 38
4205 1 39
3242 2 41
4401 3 44
1891 2 46
4626 1 47
607 3 50
5691 3 53
5329 3 56
4612 4 60
6487 5 65
6370 3 68
5904 4 72
1697 2 74
5463 1 75
4169 2 77
6730 4 81
5792 2 83
2763 4 87
4580 1 88
2640 2 90
3691 1 91
5550 4 95
8084 2 97
1487 3 100
1505 1 101
8291 1 102
7895 2 104
1476 2 106
2407 3 109
3353 2 111
6500 3 114
7296 1 115
6312 2 117
4914 2 119
8251 1 120
2840 2 122
2863 2 124
2572 1 125
4136 1 126
6240 3 129
8259 2 131
1522 4 135
6203 4 139
4688 3 142
8586 1 143
5074 3 146
8609 2 148
5697 1 149
9243 1 150
6645 1 151
5703 3 154
6273 3 157
1099 3 160
4596 2 162
4449 4 166
3077 3 169
3219 4 173
2268 3 176
746 4 180
1305 2 182
451 2 184
9632 1 185
9383 1 186
9104 1 187
8881 2 189
3065 1 190
9456 2 192
9229 1 193
9462 2 195
8334 2 197
9585 2 199
5616 4 203
6515 3 206
9267 3 209
9706 1 210
5587 2 212
9941 3 215
5241 1 216
4996 4 220
8213 3 223
9414 3 226
9534 2 228
2405 2 230
4973 1 231
784 1 232
5060 3 235
9039 1 236
8821 3 239
2299 5 244
10060 2 246
8909 1 247
6019 2 249
9843 2 251
8673 2 253
7884 1 254
9398 1 255
6479 1 256
1051 3 259
8247 1 260
8933 1 261
9359 1 262
3109 3 265
9136 1 266
10472 4 270
5960 5 275
9066 3 278
390
1142 3 2
3919 1 3
698 2 5
1999 1 6
270 2 8
4019 5 13
6453 2 15
3502 2 17
4393 2 19
1609 3 22
1829 2 24
4152 2 26
4472 4 30
6059 3 33
5057 4 37
1027 2 39
6052 2 41
427 2 43
4055 2 45
7606 1 46
6600 1 47
67 1 48
5894 1 49
1358 1 50
158 3 53
4413 1 54
7213 1 55
4551 2 57
2070 1 58
4968 1 59
8162 4 63
6119 1 64
1170 2 66
6134 2 68
5457 1 69
7604 2 71
1087 1 72
4395 4 76
3307 2 78
7527 2 80
5789 5 85
8350 1 86
7459 1 87
7151 2 89
4446 5 94
7308 2 96
1513 3 99
6170 2 101
5248 4 105
4457 3 108
5546 3 111
3142 2 113
8082 3 116
1775 1 117
779 2 119
6916 1 120
3072 3 123
5395 5 128
8003 3 131
6545 1 132
542 4 136
6103 2 138
7801 1 139
6704 3 142
6930 1 143
2054 4 147
5524 2 149
7005 2 151
3160 2 153
6245 3 156
6918 2 158
7038 3 161
460 2 163
4347 1 164
8531 1 165
2850 2 167
2410 1 168
4418 1 169
4543 2 171
6626 5 176
1813 1 177
6762 1 178
434 1 179
5986 1 180
1798 2 182
4729 5 187
2859 2 189
619 4 193
6188 4 197
1385 3 200
1830 2 202
4653 5 207
617 2 209
6073 2 211
5484 5 216
5493 4 220
7187 1 221
2163 3 224
2069 1 225
4918 1 226
7430 1 227
7368 3 230
2369 4 234
7942 2 236
7693 3 239
3707 1 240
1026 1 241
1292 2 243
6406 1 244
2435 3 247
6459 1 248
7891 1 249
1845 1 250
7513 1 251
2309 3 254
3262 1 255
8994 2 257
5538 4 261
7281 1 262
4518 2 264
1850 1 265
1903 1 266
6720 5 271
5854 2 273
297 2 275
7474 4 279
259 2 281
2428 2 283
1825 2 285
9002 1 286
7777 1 287
4744 2 289
4978 2 291
2099 1 292
6032 1 293
173 2 295
5932 4 299
5014 2 301
5312 1 302
2468 1 303
4054 3 306
1177 3 309
6618 1 310
3395 1 311
4872 2 313
5049 3 316
6499 5 321
3056 1 322
7761 1 323
5030 1 324
760 1 325
6249 5 330
7939 1 331
6796 2 333
5679 2 335
3650 1 336
5090 2 338
4544 3 341
5024 1 342
1079 3 345
5530 3 348
2118 2 350
1148 3 353
3553 1 354
1238 1 355
2896 1 356
5419 3 359
6028 5 364
3143 3 367
6322 1 368
847 2 370
6447 1 371
1594 3 374
1936 1 375
7290 3 378
58 1 379
9451 3 382
7149 3 385
775 1 386
8129 1 387
4430 4 391
1351 3 394
4945 3 397
4283 1 398
3892 3 401
7807 1 402
4030 2 404
1681 1 405
4955 2 407
6881 4 411
7922 1 412
4221 4 416
8059 1 417
3484 1 418
618 1 419
2556 2 421
8125 1 422
1008 1 423
8760 3 426
2559 3 429
3533 1 430
3529 2 432
3530 3 435
4644 1 436
3027 3 439
2708 1 440
1519 1 441
3874 1 442
6570 2 444
6834 3 447
5073 3 450
6319 1 451
4808 4 455
1 3 458
6290 1 459
6699 2 461
5456 3 464
5195 3 467
855 4 471
2500 3 474
3802 1 475
7015 2 477
3322 1 478
4037 1 479
4490 3 482
1276 1 483
4281 1 484
2652 3 487
1421 1 488
7583 1 489
4046 4 493
7971 1 494
6075 2 496
5264 2 498
2439 1 499
7386 1 500
4569 1 501
5780 3 504
6387 2 506
6334 4 510
768 2 512
9141 2 514
2280 4 518
8631 3 521
2868 3 524
4363 2 526
6361 1 527
4144 3 530
8332 1 531
2237 2 533
9578 4 537
179 1 538
7435 3 541
6880 2 543
7910 1 544
5729 2 546
6169 4 550
1932 4 554
1320 1 555
3175 2 557
745 3 560
8113 1 561
2045 3 564
4812 1 565
4494 1 566
5227 2 568
1670 1 569
4506 1 570
139 1 571
6789 2 573
6326 2 575
1100 3 578
6341 3 581
3728 2 583
6126 3 586
375 2 588
4002 1 589
6524 1 590
2931 3 593
7404 3 596
7845 5 601
4880 1 602
2878 3 605
7148 4 609
6509 2 611
4360 2 613
186 3 616
5181 4 620
5685 5 625
362 4 629
4786 4 633
4069 3 636
6919 2 638
3361 2 640
3514 1 641
6706 2 643
1228 1 644
4365 3 647
3318 5 652
7665 5 657
6561 3 660
1294 3 663
1400 5 668
7399 1 669
5145 3 672
5744 4 676
5359 1 677
1773 3 680
6613 2 682
5618 3 685
3195 1 686
6247 4 690
6831 4 694
3191 1 695
6814 1 696
5689 1 697
2339 2 699
4243 4 703
5726 3 706
7016 4 710
7333 1 711
5624 3 714
6407 1 715
2373 1 716
269 1 717
3836 1 718
645 3 721
4362 2 723
3618 3 726
1712 1 727
10150 2 729
8235 1 730
7098 2 732
6825 1 733
229 2 735
7265 5 740
4160 2 742
6936 3 745
5536 4 749
7025 1 750
418 2 752
6821 2 754
7917 5 759
7507 2 761
7393 3 764
7892 4 768
4445 2 770
3076 4 774
7697 4 778
1732 1 779
7141 3 782
8607 1 783
5683 1 784
5112 2 786
5477 5 791
6457 4 795
3918 1 796
1366 4 800
5088 2 802
6740 1 803
1861 2 805
2602 3 808
7516 3 811
5923 1 812
590 2 814
5482 1 815
3978 1 816
5223 1 817
7427 3 820
2179 1 821
6654 1 822
4717 1 823
7888 1 824
4790 1 825
4427 3 828
5576 3 831
9189 3 834
9615 5 839
5867 4 843
6560 1 844
2503 1 845
3084 2 847
222 2 849
2664 1 850
2063 1 851
8111 1 852
3302 2 854
7119 2 856
3128 2 858
3500 1 859
